{
    "camera_angle_x": 0.8575560450553894,
    "width": 800,
    "height": 800,
    "clamp_depth": 1000000000,
    "frames": [
        {
            "file_path": "train/000",
            "transform_matrix": [
                [
                    2.0453063243053293e-08,
                    -0.258819043636322,
                    0.9659258723258972,
                    3.8637032508850098
                ],
                [
                    1.0,
                    2.0453063243053293e-08,
                    -5.131475333541857e-08,
                    0.0
                ],
                [
                    -5.131475333541857e-08,
                    0.9659258723258972,
                    0.25881898403167725,
                    1.035276174545288
                ],
                [
                    0.0,
                    0.0,
                    0.0,
                    1.0
                ]
            ]
        },
        {
            "file_path": "train/003",
            "transform_matrix": [
                [
                    -0.45399051904678345,
                    -0.7115894556045532,
                    0.5362210869789124,
                    2.1448843479156494
                ],
                [
                    0.8910064697265625,
                    -0.36257296800613403,
                    0.2732183039188385,
                    1.092873215675354
                ],
                [
                    8.94985419108707e-09,
                    0.6018149852752686,
                    0.7986355423927307,
                    3.1945419311523438
                ],
                [
                    0.0,
                    0.0,
                    0.0,
                    1.0
                ]
            ]
        },
        {
            "file_path": "train/004",
            "transform_matrix": [
                [
                    -0.5877853631973267,
                    -0.7208394408226013,
                    0.3672860562801361,
                    1.4691441059112549
                ],
                [
                    0.8090170621871948,
                    -0.5237205624580383,
                    0.26684895157814026,
                    1.0673956871032715
                ],
                [
                    -2.0855859261814658e-08,
                    0.45399054884910583,
                    0.8910065293312073,
                    3.564026117324829
                ],
                [
                    0.0,
                    0.0,
                    0.0,
                    1.0
                ]
            ]
        },
        {
            "file_path": "train/005",
            "transform_matrix": [
                [
                    -0.70710688829422,
                    -0.5572078227996826,
                    0.43533843755722046,
                    1.7413536310195923
                ],
                [
                    0.7071068286895752,
                    -0.5572078824043274,
                    0.43533840775489807,
                    1.7413536310195923
                ],
                [
                    1.1384100773170758e-08,
                    0.6156615018844604,
                    0.7880107760429382,
                    3.152043104171753
                ],
                [
                    0.0,
                    0.0,
                    0.0,
                    1.0
                ]
            ]
        },
        {
            "file_path": "train/006",
            "transform_matrix": [
                [
                    -0.8090171217918396,
                    -0.1718517392873764,
                    0.5621018409729004,
                    2.2484073638916016
                ],
                [
                    0.5877852439880371,
                    -0.23653370141983032,
                    0.7736668586730957,
                    3.0946671962738037
                ],
                [
                    1.0247296344800816e-08,
                    0.9563048481941223,
                    0.29237160086631775,
                    1.1694867610931396
                ],
                [
                    0.0,
                    0.0,
                    0.0,
                    1.0
                ]
            ]
        },
        {
            "file_path": "train/009",
            "transform_matrix": [
                [
                    -0.9876885414123535,
                    -0.02984909899532795,
                    0.1535603404045105,
                    0.6142413020133972
                ],
                [
                    0.15643447637557983,
                    -0.1884598284959793,
                    0.9695418477058411,
                    3.878166913986206
                ],
                [
                    -1.1769586194532167e-08,
                    0.9816272854804993,
                    0.19080878794193268,
                    0.7632359862327576
                ],
                [
                    0.0,
                    0.0,
                    0.0,
                    1.0
                ]
            ]
        },
        {
            "file_path": "train/010",
            "transform_matrix": [
                [
                    -1.000000238418579,
                    -5.192797687124552e-17,
                    3.244819770042184e-17,
                    1.2979279080168736e-16
                ],
                [
                    6.123234924670329e-17,
                    -0.8480483293533325,
                    0.5299193263053894,
                    2.1196770668029785
                ],
                [
                    1.477153877939923e-25,
                    0.5299193263053894,
                    0.8480480909347534,
                    3.3921923637390137
                ],
                [
                    0.0,
                    0.0,
                    0.0,
                    1.0
                ]
            ]
        },
        {
            "file_path": "train/011",
            "transform_matrix": [
                [
                    -0.9876887798309326,
                    0.14399872720241547,
                    -0.06112383306026459,
                    -0.24449525773525238
                ],
                [
                    -0.15643452107906342,
                    -0.9091723561286926,
                    0.3859206736087799,
                    1.543682336807251
                ],
                [
                    3.8043226346928805e-09,
                    0.39073121547698975,
                    0.9205048084259033,
                    3.6820194721221924
                ],
                [
                    0.0,
                    0.0,
                    0.0,
                    1.0
                ]
            ]
        },
        {
            "file_path": "train/012",
            "transform_matrix": [
                [
                    -0.9510566592216492,
                    0.19447070360183716,
                    -0.2401513159275055,
                    -0.960605263710022
                ],
                [
                    -0.30901700258255005,
                    -0.5985193848609924,
                    0.7391097545623779,
                    2.9564390182495117
                ],
                [
                    -2.381670860529539e-09,
                    0.77714604139328,
                    0.6293203830718994,
                    2.5172815322875977
                ],
                [
                    0.0,
                    0.0,
                    0.0,
                    1.0
                ]
            ]
        },
        {
            "file_path": "train/015",
            "transform_matrix": [
                [
                    -0.7071068286895752,
                    0.6300368309020996,
                    -0.3210197687149048,
                    -1.2840790748596191
                ],
                [
                    -0.7071068286895752,
                    -0.6300368309020996,
                    0.3210197389125824,
                    1.2840790748596191
                ],
                [
                    4.49499371057982e-09,
                    0.45399048924446106,
                    0.8910065293312073,
                    3.564026117324829
                ],
                [
                    0.0,
                    0.0,
                    0.0,
                    1.0
                ]
            ]
        },
        {
            "file_path": "train/016",
            "transform_matrix": [
                [
                    -0.5877852439880371,
                    0.23653371632099152,
                    -0.7736667990684509,
                    -3.0946671962738037
                ],
                [
                    -0.80901700258255,
                    -0.17185178399085999,
                    0.5621018409729004,
                    2.2484073638916016
                ],
                [
                    1.3774460683180223e-08,
                    0.9563047289848328,
                    0.2923717498779297,
                    1.1694867610931396
                ],
                [
                    0.0,
                    0.0,
                    0.0,
                    1.0
                ]
            ]
        },
        {
            "file_path": "train/017",
            "transform_matrix": [
                [
                    -0.4539904296398163,
                    0.7298699021339417,
                    -0.5110604166984558,
                    -2.044241428375244
                ],
                [
                    -0.8910066485404968,
                    -0.3718871474266052,
                    0.260398268699646,
                    1.0415929555892944
                ],
                [
                    5.746600351130837e-08,
                    0.5735765099525452,
                    0.8191519975662231,
                    3.2766082286834717
                ],
                [
                    0.0,
                    0.0,
                    0.0,
                    1.0
                ]
            ]
        },
        {
            "file_path": "train/018",
            "transform_matrix": [
                [
                    -0.3090170919895172,
                    0.6113274693489075,
                    -0.7285515069961548,
                    -2.9142062664031982
                ],
                [
                    -0.9510565400123596,
                    -0.19863231480121613,
                    0.23672083020210266,
                    0.9468830227851868
                ],
                [
                    8.601455903090027e-08,
                    0.7660443782806396,
                    0.6427876949310303,
                    2.571150541305542
                ],
                [
                    0.0,
                    0.0,
                    0.0,
                    1.0
                ]
            ]
        },
        {
            "file_path": "train/021",
            "transform_matrix": [
                [
                    0.15643452107906342,
                    0.7104834318161011,
                    -0.6861059665679932,
                    -2.7444238662719727
                ],
                [
                    -0.9876883029937744,
                    0.11252959817647934,
                    -0.1086684912443161,
                    -0.43467405438423157
                ],
                [
                    2.7620133735695163e-08,
                    0.6946583986282349,
                    0.7193397879600525,
                    2.87735915184021
                ],
                [
                    0.0,
                    0.0,
                    0.0,
                    1.0
                ]
            ]
        },
        {
            "file_path": "train/022",
            "transform_matrix": [
                [
                    0.3090168833732605,
                    0.8318127989768982,
                    -0.46108144521713257,
                    -1.8443254232406616
                ],
                [
                    -0.9510565996170044,
                    0.27027222514152527,
                    -0.1498144418001175,
                    -0.5992576479911804
                ],
                [
                    -3.6025358696178955e-08,
                    0.4848097264766693,
                    0.8746196627616882,
                    3.498478889465332
                ],
                [
                    0.0,
                    0.0,
                    0.0,
                    1.0
                ]
            ]
        },
        {
            "file_path": "train/023",
            "transform_matrix": [
                [
                    0.4539904296398163,
                    0.031095655634999275,
                    -0.8904638290405273,
                    -3.5618550777435303
                ],
                [
                    -0.891006588935852,
                    0.015843868255615234,
                    -0.45371395349502563,
                    -1.8148558139801025
                ],
                [
                    -7.071247409839998e-08,
                    0.9993909001350403,
                    0.034899353981018066,
                    0.13959798216819763
                ],
                [
                    0.0,
                    0.0,
                    0.0,
                    1.0
                ]
            ]
        },
        {
            "file_path": "train/024",
            "transform_matrix": [
                [
                    0.5877852439880371,
                    0.5517482161521912,
                    -0.5916776061058044,
                    -2.3667101860046387
                ],
                [
                    -0.80901700258255,
                    0.4008685052394867,
                    -0.42987895011901855,
                    -1.7195156812667847
                ],
                [
                    -1.4072130127829041e-08,
                    0.731353759765625,
                    0.6819983124732971,
                    2.7279934883117676
                ],
                [
                    0.0,
                    0.0,
                    0.0,
                    1.0
                ]
            ]
        },
        {
            "file_path": "train/027",
            "transform_matrix": [
                [
                    0.8910064697265625,
                    0.21313565969467163,
                    -0.4008498787879944,
                    -1.6033992767333984
                ],
                [
                    -0.45399054884910583,
                    0.41830208897590637,
                    -0.786712110042572,
                    -3.146848201751709
                ],
                [
                    -4.9118401790337884e-08,
                    0.8829476833343506,
                    0.46947145462036133,
                    1.8778862953186035
                ],
                [
                    0.0,
                    0.0,
                    0.0,
                    1.0
                ]
            ]
        },
        {
            "file_path": "train/028",
            "transform_matrix": [
                [
                    0.9510565400123596,
                    0.25916343927383423,
                    -0.1683027148246765,
                    -0.673210859298706
                ],
                [
                    -0.30901697278022766,
                    0.7976231575012207,
                    -0.5179824829101562,
                    -2.071929931640625
                ],
                [
                    2.2294164736536004e-08,
                    0.544638991355896,
                    0.8386706113815308,
                    3.354682207107544
                ],
                [
                    0.0,
                    0.0,
                    0.0,
                    1.0
                ]
            ]
        },
        {
            "file_path": "train/029",
            "transform_matrix": [
                [
                    0.9876883625984192,
                    0.1265581250190735,
                    -0.09194986522197723,
                    -0.3677994906902313
                ],
                [
                    -0.15643444657325745,
                    0.7990566492080688,
                    -0.5805486440658569,
                    -2.3221945762634277
                ],
                [
                    5.831973570735727e-09,
                    0.5877853035926819,
                    0.80901700258255,
                    3.2360680103302
                ],
                [
                    0.0,
                    0.0,
                    0.0,
                    1.0
                ]
            ]
        },
        {
            "file_path": "train/030",
            "transform_matrix": [
                [
                    1.0,
                    1.3434749871731055e-16,
                    -1.2528106980813733e-16,
                    -5.011242792325493e-16
                ],
                [
                    -1.8369701465288538e-16,
                    0.7313537001609802,
                    -0.6819983720779419,
                    -2.7279934883117676
                ],
                [
                    5.909679685120835e-24,
                    0.6819983720779419,
                    0.7313537001609802,
                    2.925414800643921
                ],
                [
                    0.0,
                    0.0,
                    0.0,
                    1.0
                ]
            ]
        },
        {
            "file_path": "train/033",
            "transform_matrix": [
                [
                    0.8910065293312073,
                    -0.4045085310935974,
                    0.20610739290714264,
                    0.8244295120239258
                ],
                [
                    0.45399054884910583,
                    0.7938926219940186,
                    -0.404508501291275,
                    -1.6180340051651
                ],
                [
                    -1.075473576861441e-08,
                    0.45399051904678345,
                    0.8910065293312073,
                    3.564026117324829
                ],
                [
                    0.0,
                    0.0,
                    0.0,
                    1.0
                ]
            ]
        },
        {
            "file_path": "train/034",
            "transform_matrix": [
                [
                    0.8090169429779053,
                    -0.5327144265174866,
                    0.24840877950191498,
                    0.9936351180076599
                ],
                [
                    0.5877853035926819,
                    0.7332183718681335,
                    -0.34190526604652405,
                    -1.3676214218139648
                ],
                [
                    -9.919060239838018e-09,
                    0.42261821031570435,
                    0.9063078165054321,
                    3.6252312660217285
                ],
                [
                    0.0,
                    0.0,
                    0.0,
                    1.0
                ]
            ]
        },
        {
            "file_path": "train/035",
            "transform_matrix": [
                [
                    0.7071067094802856,
                    -0.6644631028175354,
                    0.24184481799602509,
                    0.9673790335655212
                ],
                [
                    0.70710688829422,
                    0.6644629240036011,
                    -0.24184484779834747,
                    -0.9673790335655212
                ],
                [
                    3.329646958150079e-08,
                    0.3420202434062958,
                    0.9396926164627075,
                    3.75877046585083
                ],
                [
                    0.0,
                    0.0,
                    0.0,
                    1.0
                ]
            ]
        },
        {
            "file_path": "train/036",
            "transform_matrix": [
                [
                    0.5877851843833923,
                    -0.7447041273117065,
                    0.3161081373691559,
                    1.2644325494766235
                ],
                [
                    0.8090170621871948,
                    0.5410590767860413,
                    -0.22966597974300385,
                    -0.9186639785766602
                ],
                [
                    2.49709053434799e-08,
                    0.3907311260700226,
                    0.9205048680305481,
                    3.6820194721221924
                ],
                [
                    0.0,
                    0.0,
                    0.0,
                    1.0
                ]
            ]
        },
        {
            "file_path": "train/039",
            "transform_matrix": [
                [
                    0.15643423795700073,
                    -0.6861060261726379,
                    0.7104836702346802,
                    2.8419342041015625
                ],
                [
                    0.9876884818077087,
                    0.10866827517747879,
                    -0.11252950131893158,
                    -0.45011815428733826
                ],
                [
                    5.877784303720546e-08,
                    0.719339907169342,
                    0.6946582794189453,
                    2.7786335945129395
                ],
                [
                    0.0,
                    0.0,
                    0.0,
                    1.0
                ]
            ]
        }
    ]
}